Scenario: hard
Population Size: 50
Generations: 500
Converged At: 10

Best Individual:
  Fitness: -1.8750
  Generation: 11
  Genome: [1.0, 0.7246013879776001, 0.31374879223080304, 0.09515843843786684, 0.5976325052421874, 0.24122054874897003, 0.11105062067508698, 0.09528286010026932, 0.28720813713593135, 0.13543535768985748]

Final Population Stats:
  Best: -1.8750
  Mean: -3.3180
  Std:  0.8227
  Diversity: 0.3543
