Scenario: chain_reaction
Population Size: 50
Generations: 500
Converged At: 6

Best Individual:
  Fitness: -2.6750
  Generation: 7
  Genome: [0.21091464161872864, 0.3182826340198517, 0.22900901457333805, 0.8449490070343018, 0.8799737691879272, 0.7443909049034119, 0.3398147134713678, 0.30482912063598633, 0.19964484018368253, 0.04199436502328887]

Final Population Stats:
  Best: -2.6750
  Mean: -4.3265
  Std:  0.7275
  Diversity: 1.0638
