Scenario: rest_trap
Population Size: 50
Generations: 500
Converged At: 7

Best Individual:
  Fitness: -2.8500
  Generation: 8
  Genome: [0.46477404715795595, 0.3852044161945126, 0.6371157169342041, 0.6976686120033264, 0.10630454868078232, 0.04839436196414179, 0.285673132769985, 0.3167745769023895, 0.7662274241447449, 0.8181897504337312]

Final Population Stats:
  Best: -2.8500
  Mean: -4.4215
  Std:  0.7400
  Diversity: 0.9913
