Scenario: greedy_neighbor
Population Size: 500
Generations: 5000
Converged At: 5

Best Individual:
  Fitness: -2.2000
  Generation: 6
  Genome: [0.4487748146057129, 0.29747748374938965, 0.09035989059835471, 0.7150014042854309, 0.7060928984904564, 0.5592427249119915, 0.07671274989843369, 0.2822478413581848, 0.15497887134552002, 0.11457428654587587]

Final Population Stats:
  Best: -2.2000
  Mean: -4.3419
  Std:  0.7448
  Diversity: 1.1864
