Scenario: deceptive_calm
Population Size: 500
Generations: 5000
Converged At: 4

Best Individual:
  Fitness: -2.4750
  Generation: 5
  Genome: [0.003451250260695815, 0.8599212491905905, 0.5520415306091309, 0.0010746500436067674, 0.6790512800216675, 0.7003355389800323, 0.7702573056282801, 0.6993508119738077, 0.29868969321250916, 0.31411170901965646]

Final Population Stats:
  Best: -2.4750
  Mean: -4.4112
  Std:  0.7442
  Diversity: 1.2828
