Scenario: easy
Population Size: 500
Generations: 5000
Converged At: 4

Best Individual:
  Fitness: -2.3750
  Generation: 5
  Genome: [0.6123550534248352, 0.5266909843885605, 0.6464030742645264, 0.11685483902692795, 0.5141045451164246, 0.37119303828641576, 0.2737782597541809, 0.5423967242240906, 0.005677437409758568, 0.3783334493637085]

Final Population Stats:
  Best: -2.3750
  Mean: -4.3658
  Std:  0.7418
  Diversity: 1.2444
