Scenario: overcrowding
Population Size: 500
Generations: 5000
Converged At: 6

Best Individual:
  Fitness: -2.0750
  Generation: 7
  Genome: [0.9518293146511545, 0.7498893141746521, 0.6417840123176575, 0.0393124483525753, 0.9610927150865687, 0.15344755351543427, 0.19153742492198944, 0.2071298360824585, 0.39561212062835693, 0.2795734405517578]

Final Population Stats:
  Best: -2.0750
  Mean: -4.3158
  Std:  0.7789
  Diversity: 1.1638
