Scenario: deceptive_calm
Population Size: 500
Generations: 5000
Converged At: 4

Best Individual:
  Fitness: -2.1500
  Generation: 5
  Genome: [0.609653651714325, 0.29179526490629815, 0.29166874289512634, 0.9433946013450623, 0.8056617379188538, 0.9176846146583557, 0.0, 0.010950011972512386, 0.4602639675140381, 0.6515341401100159]

Final Population Stats:
  Best: -2.1500
  Mean: -4.2284
  Std:  0.7587
  Diversity: 1.2357
