Scenario: default
Population Size: 500
Generations: 5000
Converged At: 5

Best Individual:
  Fitness: -2.2250
  Generation: 6
  Genome: [0.7503799796104431, 0.638909637928009, 0.8023481965065002, 0.3344978094100952, 0.9769591093063354, 0.7440944910049438, 0.21702471256690914, 0.234454147743136, 0.11900791525840759, 0.8988523483276367]

Final Population Stats:
  Best: -2.2250
  Mean: -4.3834
  Std:  0.7604
  Diversity: 1.2816
