Scenario: overcrowding
Population Size: 500
Generations: 5000
Converged At: 21

Best Individual:
  Fitness: -1.0250
  Generation: 22
  Genome: [1.0, 0.49901822749186897, 0.298873887965326, 0.03318084343047417, 0.9399162412648282, 0.6421874603109967, 0.04513634871480579, 0.010076890999069233, 0.018674764385434913, 0.782889935957628]

Final Population Stats:
  Best: -1.0250
  Mean: -3.0341
  Std:  0.8088
  Diversity: 0.6387
