Scenario: deceptive_calm
Population Size: 500
Generations: 5000
Converged At: 4

Best Individual:
  Fitness: -2.1500
  Generation: 5
  Genome: [0.7400651574134827, 0.5305300951004028, 0.14281652645414245, 0.08981218189001083, 0.29398491978645325, 0.7192862033843994, 0.2887320826594238, 0.4081481101626374, 0.08380572515047824, 0.19273831878512654]

Final Population Stats:
  Best: -2.1500
  Mean: -4.3720
  Std:  0.7413
  Diversity: 1.2387
