Scenario: overcrowding
Population Size: 500
Generations: 5000
Converged At: 6

Best Individual:
  Fitness: -1.7500
  Generation: 7
  Genome: [0.9832041163343805, 0.8850841522216797, 0.06964951753616333, 0.3274348272908587, 0.7320216298103333, 0.6435580996685534, 0.024702748800760198, 0.36225449743118754, 0.23135000570604647, 0.5978418249403505]

Final Population Stats:
  Best: -1.7500
  Mean: -4.3128
  Std:  0.7773
  Diversity: 1.2282
