Scenario: rest_trap
Population Size: 500
Generations: 5000
Converged At: 5

Best Individual:
  Fitness: -2.2250
  Generation: 6
  Genome: [0.1010615354250255, 0.7103553414344788, 0.3923395574092865, 0.06780035539661843, 0.5275976934838341, 0.17695248720029003, 0.021471839398145676, 0.7997180976120726, 0.2906516415994208, 0.6496493220329285]

Final Population Stats:
  Best: -2.2250
  Mean: -4.3312
  Std:  0.7650
  Diversity: 1.1854
