Scenario: early_containment
Population Size: 500
Generations: 5000
Converged At: 4

Best Individual:
  Fitness: -2.7250
  Generation: 5
  Genome: [0.20585598051548004, 0.3175945070934519, 0.7045089006096467, 0.25966349244117737, 0.7472425493683255, 0.6303472750333639, 0.20333370566368103, 0.05247143656015396, 0.192516028881073, 0.09379927814006805]

Final Population Stats:
  Best: -2.7250
  Mean: -4.4216
  Std:  0.7278
  Diversity: 1.2370
