Scenario: greedy_neighbor
Population Size: 500
Generations: 5000
Converged At: 6

Best Individual:
  Fitness: -2.2000
  Generation: 7
  Genome: [0.9282822012901306, 1.0, 0.10119376331567764, 0.21127920291651692, 0.5596634539812981, 0.6739621162414551, 0.0, 0.7185611870246762, 0.23638252913951874, 0.7305614266344667]

Final Population Stats:
  Best: -2.2000
  Mean: -4.2666
  Std:  0.7736
  Diversity: 1.2159
