Scenario: mixed_motivation
Population Size: 500
Generations: 5000
Converged At: 7

Best Individual:
  Fitness: -2.5250
  Generation: 8
  Genome: [0.9259579479614919, 0.7003611011952716, 0.17841820418834686, 0.5431953072547913, 0.3708406090736389, 0.39668801006602317, 0.0, 0.345425546169281, 0.2908274233341217, 0.7737728302630845]

Final Population Stats:
  Best: -2.5250
  Mean: -4.3207
  Std:  0.7503
  Diversity: 1.2063
