Scenario: hard
Population Size: 500
Generations: 5000
Converged At: 4

Best Individual:
  Fitness: -1.7750
  Generation: 5
  Genome: [0.3051576614379883, 0.21315650641918182, 0.6233834028244019, 0.4037534296512604, 0.22998803749353036, 0.7250561893360552, 0.4816070795059204, 0.49733346700668335, 0.5180367827415466, 0.5168618559837341]

Final Population Stats:
  Best: -1.7750
  Mean: -4.3940
  Std:  0.7764
  Diversity: 1.2506
