Scenario: sparse_heroics
Population Size: 500
Generations: 5000
Converged At: 7

Best Individual:
  Fitness: -2.2000
  Generation: 8
  Genome: [0.9384380216271654, 0.966524600982666, 0.16287189722061157, 0.3626667559146881, 0.8512363389952876, 0.8547324695274804, 0.1205776516149849, 0.167803555727005, 0.2872283458709717, 0.67011120515269]

Final Population Stats:
  Best: -2.2000
  Mean: -4.2278
  Std:  0.7894
  Diversity: 1.1759
