Scenario: chain_reaction
Population Size: 500
Generations: 5000
Converged At: 9

Best Individual:
  Fitness: -1.4500
  Generation: 10
  Genome: [0.91596736022774, 0.6651957884200793, 0.20398508943262414, 0.15031264098445352, 0.5779192267801515, 1.0, 0.16118043046914174, 0.1320801260975732, 0.25235509872436523, 0.6640768647193909]

Final Population Stats:
  Best: -1.4500
  Mean: -4.1181
  Std:  0.7912
  Diversity: 1.0847
