Scenario: greedy_neighbor
Population Size: 500
Generations: 5000
Converged At: 18

Best Individual:
  Fitness: -0.2250
  Generation: 19
  Genome: [0.9961994655679253, 0.5225294814513325, 0.0, 0.0, 0.8366028458823028, 0.2723081293230353, 0.034547850489616394, 0.07013437030461347, 0.14466357457170215, 0.029493380260271984]

Final Population Stats:
  Best: -0.2250
  Mean: -3.0146
  Std:  0.9123
  Diversity: 0.7258
