Scenario: default
Population Size: 500
Generations: 5000
Converged At: 4

Best Individual:
  Fitness: -2.0750
  Generation: 5
  Genome: [0.7993199229240417, 0.32357795784921806, 0.5041229128837585, 0.6627076854646535, 0.907122394962927, 0.7562694549560547, 0.8124083876609802, 0.22308728098869324, 0.07720532344620358, 0.7147171497344971]

Final Population Stats:
  Best: -2.0750
  Mean: -4.3632
  Std:  0.7805
  Diversity: 1.2096
