Scenario: chain_reaction
Population Size: 500
Generations: 5000
Converged At: 4

Best Individual:
  Fitness: -2.5250
  Generation: 5
  Genome: [0.8966510891914368, 0.7579011917114258, 0.0993509441614151, 0.9432569055688491, 0.8949834289961555, 0.34370559453964233, 0.2524104118347168, 0.14311487895041464, 0.13895238935947418, 0.4380093296764521]

Final Population Stats:
  Best: -2.5250
  Mean: -4.3475
  Std:  0.7651
  Diversity: 1.2580
