Scenario: trivial_cooperation
Population Size: 500
Generations: 5000
Converged At: 5

Best Individual:
  Fitness: -2.1500
  Generation: 6
  Genome: [0.15813603344274235, 0.7713325340474702, 0.29465682780204644, 0.12709729373455048, 0.22777141659703148, 0.14228813771438203, 0.17430305546230623, 0.8555972225458587, 0.04539651796221733, 0.7871044874191284]

Final Population Stats:
  Best: -2.1500
  Mean: -4.2000
  Std:  0.8218
  Diversity: 1.2882
