Scenario: mixed_motivation
Population Size: 500
Generations: 5000
Converged At: 4

Best Individual:
  Fitness: -2.4250
  Generation: 5
  Genome: [0.37109196186065674, 0.1404041349887848, 0.22258774936199188, 0.25153387864653876, 0.1352776437997818, 0.20748696182809007, 0.5559026002883911, 0.16056470597924966, 0.3656477209840336, 0.24325634749549585]

Final Population Stats:
  Best: -2.4250
  Mean: -4.3678
  Std:  0.7434
  Diversity: 1.2032
