Scenario: easy
Population Size: 500
Generations: 5000
Converged At: 6

Best Individual:
  Fitness: -2.2750
  Generation: 7
  Genome: [0.3051576614379883, 1.0, 0.0, 0.6821963103803077, 0.8764450324438585, 0.10317690670490265, 0.06884520500898361, 0.04270194382066729, 0.26711347696216, 0.787564731168062]

Final Population Stats:
  Best: -2.2750
  Mean: -4.3043
  Std:  0.7684
  Diversity: 1.2327
