Scenario: easy
Population Size: 500
Generations: 5000
Converged At: 4

Best Individual:
  Fitness: -2.1250
  Generation: 5
  Genome: [0.9433656334877014, 0.639126718044281, 0.006220884421829609, 0.288551171749142, 0.7072300636841012, 0.8413623730110616, 0.0, 0.06430809199810028, 0.23338840901851654, 0.4368993043899536]

Final Population Stats:
  Best: -2.1250
  Mean: -4.2999
  Std:  0.7797
  Diversity: 1.2703
