Scenario: overcrowding
Population Size: 500
Generations: 5000
Converged At: 4

Best Individual:
  Fitness: -2.4500
  Generation: 5
  Genome: [1.0, 0.6156449330642515, 0.23005676680858086, 0.3162479102611542, 0.9909630675084911, 0.0, 0.037242136895656586, 0.2578040361404419, 0.19168694412273066, 0.9430596004194656]

Final Population Stats:
  Best: -2.4500
  Mean: -4.3887
  Std:  0.7759
  Diversity: 1.2686
