Scenario: default
Population Size: 500
Generations: 5000
Converged At: 4

Best Individual:
  Fitness: -2.5750
  Generation: 5
  Genome: [0.28861762773335814, 0.06590026617050171, 0.09894652664661407, 0.3884534239768982, 0.6400329188084368, 0.5302392244338989, 0.020708288997411728, 0.14291293919086456, 0.192516028881073, 0.5079028010368347]

Final Population Stats:
  Best: -2.5750
  Mean: -4.4123
  Std:  0.7528
  Diversity: 1.2126
