Scenario: mixed_motivation
Population Size: 500
Generations: 5000
Converged At: 4

Best Individual:
  Fitness: -2.2500
  Generation: 5
  Genome: [0.34146320819854736, 0.5516507625579834, 0.3134590685367584, 0.42742496728897095, 0.5601370334625244, 0.8385846614837646, 0.18860889971256256, 0.37447866797447205, 0.04543340693600165, 0.35265982151031494]

Final Population Stats:
  Best: -2.2500
  Mean: -4.3595
  Std:  0.7443
  Diversity: 1.2749
