Scenario: trivial_cooperation
Population Size: 500
Generations: 5000
Converged At: 5

Best Individual:
  Fitness: -2.3000
  Generation: 6
  Genome: [0.4599533677101135, 1.0, 0.7266861205353337, 0.18259413540363312, 0.2870282530784607, 0.727035608224323, 0.5990446209907532, 0.6134735941886902, 0.18137812614440918, 0.593778701548178]

Final Population Stats:
  Best: -2.3000
  Mean: -4.3833
  Std:  0.7749
  Diversity: 1.2536
