Scenario: rest_trap
Population Size: 500
Generations: 5000
Converged At: 10

Best Individual:
  Fitness: -1.7750
  Generation: 11
  Genome: [1.0, 0.6410304219101213, 0.820965563881619, 0.2031410516782587, 0.8117148736816031, 0.4381073675359474, 0.11273352056741714, 0.007172310724854469, 0.06336215883493423, 0.711280011664995]

Final Population Stats:
  Best: -1.7750
  Mean: -3.9117
  Std:  0.8112
  Diversity: 1.0272
