Scenario: default
Population Size: 500
Generations: 5000
Converged At: 6

Best Individual:
  Fitness: -1.9250
  Generation: 7
  Genome: [0.5898640155792236, 0.43842833661676295, 0.08437278866767883, 0.3413180410861969, 0.9748495221138, 0.6068498492240906, 0.013829727010446657, 0.13523025643640685, 0.5916617442068031, 1.0]

Final Population Stats:
  Best: -1.9250
  Mean: -4.3107
  Std:  0.7489
  Diversity: 1.2406
