Scenario: sparse_heroics
Population Size: 500
Generations: 5000
Converged At: 8

Best Individual:
  Fitness: -2.1250
  Generation: 9
  Genome: [0.9807308912277222, 0.5132598666725684, 0.7490684167140271, 0.1167581470823516, 0.9222311973571777, 0.31026544096463776, 0.22457394003868103, 0.2872968018054962, 0.10141155482378728, 0.14659335077696983]

Final Population Stats:
  Best: -2.1250
  Mean: -4.2633
  Std:  0.7683
  Diversity: 1.1764
