Scenario: greedy_neighbor
Population Size: 500
Generations: 5000
Converged At: 6

Best Individual:
  Fitness: -2.2250
  Generation: 7
  Genome: [0.47903335905101346, 0.8725081782853383, 0.0, 1.0, 0.16213063895702362, 0.9602113962173462, 0.0, 0.35515132546424866, 0.5812512605846124, 0.0898239003456274]

Final Population Stats:
  Best: -2.2250
  Mean: -4.3476
  Std:  0.7494
  Diversity: 1.2628
