Scenario: easy
Population Size: 500
Generations: 5000
Converged At: 6

Best Individual:
  Fitness: -1.9750
  Generation: 7
  Genome: [0.8670060982988466, 0.7028837060430575, 0.8791341185569763, 0.11370241652236585, 0.8338944911956787, 0.32759982347488403, 0.13271217798388568, 0.3239798843860626, 0.34947025402554166, 0.4767112424973094]

Final Population Stats:
  Best: -1.9750
  Mean: -4.2663
  Std:  0.7729
  Diversity: 1.2520
