Scenario: default
Population Size: 500
Generations: 5000
Converged At: 4

Best Individual:
  Fitness: -2.2750
  Generation: 5
  Genome: [0.12202541698927172, 0.6978523174189581, 0.47847045260446397, 0.22470568388223408, 0.7503493427260614, 0.12333530187606812, 0.02968096174299717, 0.2532566487789154, 0.6145030856132507, 0.6903848052024841]

Final Population Stats:
  Best: -2.2750
  Mean: -4.3962
  Std:  0.7527
  Diversity: 1.3173
