Scenario: early_containment
Population Size: 500
Generations: 5000
Converged At: 7

Best Individual:
  Fitness: -2.0250
  Generation: 8
  Genome: [0.9973406195640564, 0.7987369868065566, 0.3518650233745575, 0.09810714423656464, 0.8523422008302053, 0.2826299424290399, 0.0, 0.26164182269198655, 0.3502368613998308, 0.5023161172866821]

Final Population Stats:
  Best: -2.0250
  Mean: -4.1779
  Std:  0.7633
  Diversity: 1.1475
