Scenario: deceptive_calm
Population Size: 500
Generations: 5000
Converged At: 5

Best Individual:
  Fitness: -2.3250
  Generation: 6
  Genome: [0.3004157841205597, 0.7968538448367721, 0.06855202466249466, 0.24078868329524994, 0.9664503335952759, 0.08527575846404381, 0.24101589620113373, 0.2354075163602829, 0.9899721145629883, 0.6004479819463161]

Final Population Stats:
  Best: -2.3250
  Mean: -4.3531
  Std:  0.7170
  Diversity: 1.2273
