Scenario: default
Population Size: 500
Generations: 5000
Converged At: 4

Best Individual:
  Fitness: -2.2250
  Generation: 5
  Genome: [0.7230922603044265, 0.5736168026924133, 0.4015069305896759, 0.2813977599143982, 0.5895437002182007, 0.0, 0.1032816621170873, 0.4788406563903202, 0.004846475100096358, 0.7743389341616185]

Final Population Stats:
  Best: -2.2250
  Mean: -4.3779
  Std:  0.7560
  Diversity: 1.2036
