Scenario: overcrowding
Population Size: 500
Generations: 5000
Converged At: 4

Best Individual:
  Fitness: -2.1750
  Generation: 5
  Genome: [0.7231625819674941, 0.6889067784181709, 0.224711075425148, 0.7832747101783752, 0.7527334690093994, 0.7376921626147857, 0.10741877772680195, 0.26403066515922546, 0.023452864959836006, 0.7933307298694318]

Final Population Stats:
  Best: -2.1750
  Mean: -4.3443
  Std:  0.7415
  Diversity: 1.2255
