Scenario: mixed_motivation
Population Size: 500
Generations: 5000
Converged At: 4

Best Individual:
  Fitness: -2.4250
  Generation: 5
  Genome: [0.5261582136154175, 0.8605595231056213, 0.32960858941078186, 0.9326575994491577, 0.3073888421058655, 0.23568782210350037, 0.26170391311685903, 0.22003252047508862, 1.0, 0.7445273995399475]

Final Population Stats:
  Best: -2.4250
  Mean: -4.3693
  Std:  0.7452
  Diversity: 1.2516
