Scenario: overcrowding
Population Size: 500
Generations: 5000
Converged At: 4

Best Individual:
  Fitness: -2.0750
  Generation: 5
  Genome: [0.39396662586143977, 0.4094081521034241, 0.43694678610686793, 0.8155231602640971, 0.654819667339325, 0.12514925003051758, 0.07731404900550842, 0.06950549057388161, 0.20252534747123718, 0.846774697303772]

Final Population Stats:
  Best: -2.0750
  Mean: -4.3289
  Std:  0.7724
  Diversity: 1.2139
