Scenario: sparse_heroics
Population Size: 500
Generations: 5000
Converged At: 4

Best Individual:
  Fitness: -2.2750
  Generation: 5
  Genome: [0.17972461879253387, 0.1676945984363556, 0.9385262689094749, 0.43702203035354614, 0.8645887970924377, 0.8089748159561813, 0.4572775914948888, 0.2500331623460163, 0.382954846928084, 0.9529576897621155]

Final Population Stats:
  Best: -2.2750
  Mean: -4.4228
  Std:  0.7507
  Diversity: 1.2648
