Scenario: greedy_neighbor
Population Size: 500
Generations: 5000
Converged At: 4

Best Individual:
  Fitness: -2.5250
  Generation: 5
  Genome: [0.8534308671951294, 0.48668074822982443, 0.32413855781506806, 0.48411714149434876, 0.6889270544052124, 0.8749778270721436, 0.0585598797276429, 0.6864808797836304, 0.9275391101837158, 0.15433580001528252]

Final Population Stats:
  Best: -2.5250
  Mean: -4.3714
  Std:  0.7361
  Diversity: 1.2300
