Scenario: easy
Population Size: 500
Generations: 5000
Converged At: 12

Best Individual:
  Fitness: -2.0000
  Generation: 13
  Genome: [1.0, 0.5724847128095609, 0.35043513774871826, 0.14858146011829376, 0.6242720459658225, 0.36384853706157844, 0.11185225771350235, 0.5505236833429066, 0.1806742548942566, 0.7641031119663596]

Final Population Stats:
  Best: -2.0000
  Mean: -3.9648
  Std:  0.8198
  Diversity: 1.1268
