Scenario: trivial_cooperation
Population Size: 50
Generations: 500
Converged At: 4

Best Individual:
  Fitness: -3.1750
  Generation: 5
  Genome: [0.9993387460708618, 0.47725125882733915, 0.057434652000665665, 0.2524017095565796, 0.03121238760650158, 0.9677821397781372, 0.3923313021659851, 0.3522381831315704, 0.19170002125190208, 0.8792467713356018]

Final Population Stats:
  Best: -3.1750
  Mean: -4.4675
  Std:  0.6508
  Diversity: 1.0668
