Scenario: hard
Population Size: 500
Generations: 5000
Converged At: 7

Best Individual:
  Fitness: -2.1000
  Generation: 8
  Genome: [0.4656062722206116, 0.4112509489059448, 0.09817031770944595, 0.6518547534942627, 0.8050224781036377, 0.26878435076109947, 0.0, 0.051534827798604965, 0.1942944626843484, 0.7920370101928711]

Final Population Stats:
  Best: -2.1000
  Mean: -4.2041
  Std:  0.7941
  Diversity: 1.1546
