Scenario: trivial_cooperation
Population Size: 500
Generations: 5000
Converged At: 25

Best Individual:
  Fitness: -0.7500
  Generation: 26
  Genome: [0.9941175787103367, 0.5367188615969114, 0.4613177455888936, 0.0, 1.0, 0.37881720294703924, 0.0, 0.08661770807037747, 0.19813231207852325, 0.08779844796860507]

Final Population Stats:
  Best: -0.7500
  Mean: -2.6890
  Std:  0.8112
  Diversity: 0.6802
