Scenario: deceptive_calm
Population Size: 500
Generations: 5000
Converged At: 4

Best Individual:
  Fitness: -2.0500
  Generation: 5
  Genome: [0.6583740519802904, 0.7252331376075745, 0.17228229343891144, 0.19905732572078705, 0.7510053214105215, 0.6114489139879458, 0.050101540982723236, 0.23517175526520756, 0.7554025650024414, 0.17963020698042448]

Final Population Stats:
  Best: -2.0500
  Mean: -4.3696
  Std:  0.7616
  Diversity: 1.2422
