Scenario: easy
Population Size: 500
Generations: 5000
Converged At: 4

Best Individual:
  Fitness: -2.7250
  Generation: 5
  Genome: [0.5358701216501432, 0.07568372786045074, 0.705499928241985, 0.575029730796814, 0.7603062242570076, 0.9607031345367432, 0.3554788486335746, 0.587762779305697, 0.11213768396276869, 0.27022427653707304]

Final Population Stats:
  Best: -2.7250
  Mean: -4.4185
  Std:  0.7546
  Diversity: 1.2014
