Scenario: greedy_neighbor
Population Size: 500
Generations: 5000
Converged At: 19

Best Individual:
  Fitness: -0.4500
  Generation: 20
  Genome: [1.0, 0.524565271517335, 0.260015993636794, 0.12134756912326078, 0.9997395550594309, 0.6844672512237963, 0.0, 0.12534557282924652, 0.10425582056461966, 0.0]

Final Population Stats:
  Best: -0.4500
  Mean: -2.8553
  Std:  0.9169
  Diversity: 0.6666
