Scenario: default
Population Size: 500
Generations: 5000
Converged At: 5

Best Individual:
  Fitness: -2.3250
  Generation: 6
  Genome: [0.7597458958625793, 0.5721984207933566, 0.4045637365068489, 0.9412777261380606, 0.17822343111038208, 0.3418508067761137, 0.2597311369932634, 0.37844910744604315, 0.2798302199915088, 0.4916830062866211]

Final Population Stats:
  Best: -2.3250
  Mean: -4.3926
  Std:  0.7367
  Diversity: 1.2492
