Scenario: sparse_heroics
Population Size: 500
Generations: 5000
Converged At: 4

Best Individual:
  Fitness: -2.3750
  Generation: 5
  Genome: [0.21410339646748072, 0.9245320486125915, 0.4840003252029419, 0.2799600660800934, 0.9598663974462142, 0.5684957102360488, 0.0877084732055664, 0.7419081853952394, 0.09100735932588577, 0.7952370001167017]

Final Population Stats:
  Best: -2.3750
  Mean: -4.3973
  Std:  0.7312
  Diversity: 1.2913
