Scenario: easy
Population Size: 500
Generations: 5000
Converged At: 4

Best Individual:
  Fitness: -2.0250
  Generation: 5
  Genome: [0.7463991641998291, 0.9605250358581543, 0.1258496791124344, 0.06086954101920128, 0.7243627941276524, 0.6716411113739014, 0.11308873444795609, 0.29217879069627156, 0.4935079213641944, 0.9217017898383559]

Final Population Stats:
  Best: -2.0250
  Mean: -4.3216
  Std:  0.7633
  Diversity: 1.2435
