Scenario: greedy_neighbor
Population Size: 500
Generations: 5000
Converged At: 4

Best Individual:
  Fitness: -2.2250
  Generation: 5
  Genome: [1.0, 0.7359185218811035, 0.4958266108583411, 0.19005627930164337, 0.9905807904237047, 0.7715298034041617, 0.10870736092329025, 0.17463684761223222, 0.16620443761348724, 0.3225947916507721]

Final Population Stats:
  Best: -2.2250
  Mean: -4.2246
  Std:  0.7677
  Diversity: 1.2322
