Scenario: mixed_motivation
Population Size: 500
Generations: 5000
Converged At: 4

Best Individual:
  Fitness: -2.4000
  Generation: 5
  Genome: [0.9078941941261292, 0.36730796098709106, 0.0, 0.4789205491542816, 0.8145995230655307, 0.6743570176889616, 0.2842400372028351, 0.043178826570510864, 0.0013466458767652512, 0.3323959326921966]

Final Population Stats:
  Best: -2.4000
  Mean: -4.3899
  Std:  0.7653
  Diversity: 1.2193
