Scenario: hard
Population Size: 500
Generations: 5000
Converged At: 14

Best Individual:
  Fitness: -2.0500
  Generation: 15
  Genome: [0.9856771073784156, 0.8836862367307159, 0.40540947198651756, 0.1786660096341586, 0.7551891011645973, 0.50281680671043, 0.17116783464791702, 0.7502251350022637, 0.4446941614151001, 0.9658480006699476]

Final Population Stats:
  Best: -2.0500
  Mean: -4.1112
  Std:  0.7796
  Diversity: 1.0967
