Scenario: deceptive_calm
Population Size: 50
Generations: 500
Converged At: 5

Best Individual:
  Fitness: -2.8250
  Generation: 6
  Genome: [0.911203920841217, 0.630542829231109, 0.4499304176091467, 0.4437752962112427, 0.41105632539580894, 0.05860371775132711, 0.7039788316121508, 0.3099972279653714, 0.1600891798734665, 0.6582533717155457]

Final Population Stats:
  Best: -2.8250
  Mean: -4.7400
  Std:  0.8205
  Diversity: 1.1321
