Scenario: sparse_heroics
Population Size: 500
Generations: 5000
Converged At: 15

Best Individual:
  Fitness: -0.8750
  Generation: 16
  Genome: [1.0, 0.6185681819915771, 0.036110979930633086, 0.026837761144673167, 0.8115929479769017, 0.8807722318113856, 0.0, 0.15788488385937227, 0.21443378925323486, 0.10507763730525202]

Final Population Stats:
  Best: -0.8750
  Mean: -3.2574
  Std:  0.8699
  Diversity: 0.8119
