Scenario: default
Population Size: 50
Generations: 500
Converged At: 6

Best Individual:
  Fitness: -2.7000
  Generation: 7
  Genome: [0.7013512253761292, 0.3493313193321228, 0.17474882304668427, 0.5609626633224004, 0.2938883602619171, 0.5052318572998047, 0.09801509713825483, 0.18536722660064697, 0.8334758281707764, 0.585830807685852]

Final Population Stats:
  Best: -2.7000
  Mean: -4.2315
  Std:  0.6633
  Diversity: 0.7918
