Scenario: chain_reaction
Population Size: 500
Generations: 5000
Converged At: 14

Best Individual:
  Fitness: -1.2500
  Generation: 15
  Genome: [0.9431251156335553, 0.6250266686278771, 0.1272769822744806, 0.12276004667931867, 0.4399367653058191, 0.0064217709004879, 0.03659406960861082, 0.04214249738367694, 0.2178893680338998, 0.9341703317203627]

Final Population Stats:
  Best: -1.2500
  Mean: -3.5591
  Std:  0.8225
  Diversity: 0.8232
