Scenario: hard
Population Size: 500
Generations: 5000
Converged At: 4

Best Individual:
  Fitness: -2.1500
  Generation: 5
  Genome: [0.960587363175664, 0.2661930322647095, 0.06435512006282806, 0.260816365480423, 0.7881146678523789, 0.5295774936676025, 0.27072492241859436, 0.3293861972417817, 0.2621244788169861, 0.7329936623573303]

Final Population Stats:
  Best: -2.1500
  Mean: -4.3641
  Std:  0.7780
  Diversity: 1.3144
