Scenario: easy
Population Size: 50
Generations: 500
Converged At: 6

Best Individual:
  Fitness: -2.8250
  Generation: 7
  Genome: [0.4690141053247223, 0.7339303604908058, 0.06355014443397522, 0.5009260461258639, 0.9531110126976128, 0.35136104197484397, 0.04531489312648773, 0.05884469359245966, 0.22660310566425323, 0.3908152193234102]

Final Population Stats:
  Best: -2.8250
  Mean: -4.1510
  Std:  0.7366
  Diversity: 1.0633
