Scenario: rest_trap
Population Size: 500
Generations: 5000
Converged At: 6

Best Individual:
  Fitness: -2.3000
  Generation: 7
  Genome: [0.8713113069534302, 0.867922306060791, 0.6882547736167908, 0.36222304616098633, 0.6108518862295909, 0.6856064796447754, 0.28799424053603995, 0.03903787248575903, 0.4599672759985981, 0.40431453899629766]

Final Population Stats:
  Best: -2.3000
  Mean: -4.2680
  Std:  0.7909
  Diversity: 1.1829
