Scenario: early_containment
Population Size: 500
Generations: 5000
Converged At: 6

Best Individual:
  Fitness: -2.3500
  Generation: 7
  Genome: [0.49117260371728416, 0.6226436738474107, 0.25856349957461366, 0.22463668601831477, 1.0, 0.3750784695148468, 0.018976677079687254, 0.10451078267955885, 0.7501161626810462, 0.34592700004577637]

Final Population Stats:
  Best: -2.3500
  Mean: -4.3704
  Std:  0.7762
  Diversity: 1.2261
