Scenario: chain_reaction
Population Size: 500
Generations: 5000
Converged At: 4

Best Individual:
  Fitness: -2.3750
  Generation: 5
  Genome: [0.28179454803466797, 0.3171718716621399, 0.47952861357112997, 0.45420998334884644, 0.0004159443487878889, 0.5609162449836731, 0.014304033480584621, 0.8894985914230347, 0.07198525965213776, 0.36371320486068726]

Final Population Stats:
  Best: -2.3750
  Mean: -4.3862
  Std:  0.7593
  Diversity: 1.2336
