Scenario: deceptive_calm
Population Size: 500
Generations: 5000
Converged At: 4

Best Individual:
  Fitness: -2.4250
  Generation: 5
  Genome: [0.29976015193386846, 0.0008967727771960199, 0.18197147707969924, 0.29365162742086554, 0.4809002554501982, 0.15711230518093505, 0.8196322321891785, 0.9822834134101868, 0.40861813713945105, 0.6130287073783082]

Final Population Stats:
  Best: -2.4250
  Mean: -4.2666
  Std:  0.7934
  Diversity: 1.2525
