Scenario: easy
Population Size: 500
Generations: 5000
Converged At: 5

Best Individual:
  Fitness: -2.0500
  Generation: 6
  Genome: [0.3638535374718621, 0.4793672386310439, 0.18262571274563993, 0.15189631689893124, 0.24093988878164296, 0.5496179446197194, 0.042569990417764214, 0.24756141006946564, 0.20639462432371386, 0.24877337251656603]

Final Population Stats:
  Best: -2.0500
  Mean: -4.2361
  Std:  0.7346
  Diversity: 1.1871
