Scenario: overcrowding
Population Size: 500
Generations: 5000
Converged At: 14

Best Individual:
  Fitness: -0.8750
  Generation: 15
  Genome: [0.9407137927938458, 0.9107188889478363, 0.3778978820619205, 0.08290192484855652, 0.5544643997402411, 0.33380427956581116, 0.014321550726890564, 0.3647025408905302, 0.46043803844739406, 0.0]

Final Population Stats:
  Best: -0.8750
  Mean: -3.3184
  Std:  0.8899
  Diversity: 0.7905
