Scenario: early_containment
Population Size: 500
Generations: 5000
Converged At: 7

Best Individual:
  Fitness: -1.8750
  Generation: 8
  Genome: [0.9870474338531494, 0.5159987620899075, 0.7082432876551014, 0.9412710597303083, 1.0, 0.4859488308429718, 0.0, 0.10337897348865721, 0.2118941992521286, 0.09744565933942795]

Final Population Stats:
  Best: -1.8750
  Mean: -4.2901
  Std:  0.7610
  Diversity: 1.2109
