Scenario: rest_trap
Population Size: 500
Generations: 5000
Converged At: 4

Best Individual:
  Fitness: -2.6250
  Generation: 5
  Genome: [0.9602228403091431, 0.7415887117385864, 0.8150839096283045, 0.7308707237243652, 0.9222311973571777, 0.41060404472472206, 0.25050345063209534, 0.7339691731847987, 0.4090659022331238, 0.4664280414581299]

Final Population Stats:
  Best: -2.6250
  Mean: -4.4031
  Std:  0.7662
  Diversity: 1.2686
