Scenario: chain_reaction
Population Size: 500
Generations: 5000
Converged At: 9

Best Individual:
  Fitness: -1.9250
  Generation: 10
  Genome: [0.8355173468589783, 0.6828117167466593, 0.4743159658114886, 0.491565564535216, 0.41358670592308044, 0.06269238877821323, 0.743726372718811, 0.010226571001112461, 0.9329009056091309, 0.8465816378593445]

Final Population Stats:
  Best: -1.9250
  Mean: -4.1851
  Std:  0.7811
  Diversity: 1.1986
