Scenario: trivial_cooperation
Population Size: 500
Generations: 5000
Converged At: 14

Best Individual:
  Fitness: -1.1000
  Generation: 15
  Genome: [0.9399216374228778, 0.609265408417959, 0.33864412646726394, 0.08650576344290381, 0.6070587635040283, 0.31877036327250385, 0.0, 0.0018751714378595352, 0.04247228758141173, 0.9798048760178717]

Final Population Stats:
  Best: -1.1000
  Mean: -3.5518
  Std:  0.8860
  Diversity: 0.9198
