Scenario: mixed_motivation
Population Size: 50
Generations: 500
Converged At: 4

Best Individual:
  Fitness: -2.9000
  Generation: 5
  Genome: [0.7588520646095276, 0.753216028213501, 0.4640823006629944, 0.0, 0.08010898365332979, 0.13742323219776154, 0.5424622893333435, 0.13167884267520513, 0.2903480649607148, 0.7218781113624573]

Final Population Stats:
  Best: -2.9000
  Mean: -4.4730
  Std:  0.7539
  Diversity: 1.2196
