Scenario: easy
Population Size: 500
Generations: 5000
Converged At: 5

Best Individual:
  Fitness: -1.8000
  Generation: 6
  Genome: [0.8600685596466064, 0.8892265558242798, 0.02658490650355816, 0.2554396986961365, 0.6217412948608398, 0.10285304486751556, 0.008447404950857162, 0.1400252878665924, 0.17030519247055054, 0.7580622434616089]

Final Population Stats:
  Best: -1.8000
  Mean: -4.2617
  Std:  0.7468
  Diversity: 1.2218
