Scenario: rest_trap
Population Size: 500
Generations: 5000
Converged At: 4

Best Individual:
  Fitness: -1.9000
  Generation: 5
  Genome: [0.9860392147942304, 0.5986320972442627, 0.09631528947871756, 0.019332175122821246, 0.3007432818412781, 0.8156645422165907, 0.22053326666355133, 0.07486364990472794, 0.19596375531588017, 0.21189957754944902]

Final Population Stats:
  Best: -1.9000
  Mean: -4.3457
  Std:  0.7749
  Diversity: 1.2537
