Scenario: deceptive_calm
Population Size: 500
Generations: 5000
Converged At: 14

Best Individual:
  Fitness: -1.1750
  Generation: 15
  Genome: [1.0, 0.7461830185525041, 0.41812607626689735, 0.0, 0.8355041777388872, 0.6047862996032771, 0.017142044986497133, 0.3595444492456734, 0.39006796726313264, 0.9820373997107414]

Final Population Stats:
  Best: -1.1750
  Mean: -3.4678
  Std:  0.8536
  Diversity: 0.8550
