Scenario: sparse_heroics
Population Size: 50
Generations: 500
Converged At: 7

Best Individual:
  Fitness: -2.9000
  Generation: 8
  Genome: [0.6670238971710205, 0.422446608543396, 0.8227058153892159, 0.5748762051613187, 0.9319652915000916, 0.6173904282406326, 0.7323980927467346, 0.15937507152557373, 0.19729214906692505, 0.04999871281778662]

Final Population Stats:
  Best: -2.9000
  Mean: -4.3915
  Std:  0.7150
  Diversity: 1.0351
