Scenario: greedy_neighbor
Population Size: 50
Generations: 500
Converged At: 4

Best Individual:
  Fitness: -3.2500
  Generation: 5
  Genome: [0.4996602237224579, 0.10354089821947732, 0.0, 0.0336085744202137, 0.19331878165867405, 0.6308285714883788, 0.1441089254420826, 0.035751696676015854, 0.7512091994652877, 0.848253071308136]

Final Population Stats:
  Best: -3.2500
  Mean: -4.2885
  Std:  0.7847
  Diversity: 1.1237
