Scenario: overcrowding
Population Size: 500
Generations: 5000
Converged At: 18

Best Individual:
  Fitness: -1.1000
  Generation: 19
  Genome: [0.7697216911374792, 0.7271666066348094, 0.2951619856587721, 0.15559580127379533, 0.6735696128662517, 0.45234094426462973, 0.0034783427882657397, 0.08155496495862277, 0.3394649306619167, 0.7588044806424368]

Final Population Stats:
  Best: -1.1000
  Mean: -3.2407
  Std:  0.8728
  Diversity: 0.7452
