Scenario: rest_trap
Population Size: 500
Generations: 5000
Converged At: 5

Best Individual:
  Fitness: -2.3500
  Generation: 6
  Genome: [0.6145289540290833, 0.3346451222896576, 0.3713178038597107, 0.497819806886194, 0.13709921996449587, 0.3023368718940233, 0.23747403919696808, 0.7158811092376709, 0.7773828506469727, 0.8765469193458557]

Final Population Stats:
  Best: -2.3500
  Mean: -4.3120
  Std:  0.7425
  Diversity: 1.2408
