Scenario: mixed_motivation
Population Size: 500
Generations: 5000
Converged At: 4

Best Individual:
  Fitness: -2.1500
  Generation: 5
  Genome: [0.91182941198349, 0.5285727977752686, 0.6339285711868938, 0.19005627930164337, 0.6531841958537372, 0.18975570797920227, 0.24571672846115056, 0.21337397396564484, 0.315389349724125, 0.47768068313598633]

Final Population Stats:
  Best: -2.1500
  Mean: -4.2855
  Std:  0.7587
  Diversity: 1.1891
