Scenario: rest_trap
Population Size: 500
Generations: 5000
Converged At: 4

Best Individual:
  Fitness: -2.3250
  Generation: 5
  Genome: [0.1980844885110855, 0.8648301362991333, 0.9678893685340881, 0.8930700421333313, 0.7607589960098267, 0.6539176049239925, 0.17427612735014902, 0.6269010231321974, 0.7574461102485657, 0.2649148981326477]

Final Population Stats:
  Best: -2.3250
  Mean: -4.3914
  Std:  0.7668
  Diversity: 1.2318
