Scenario: early_containment
Population Size: 500
Generations: 5000
Converged At: 6

Best Individual:
  Fitness: -1.9250
  Generation: 7
  Genome: [0.8654753565788269, 0.5751497745513916, 0.690798819065094, 0.07264526188373566, 0.49962460180429763, 0.7306749234572929, 0.12399109475329745, 0.6936262849140759, 0.19372449507309308, 0.09172870218753815]

Final Population Stats:
  Best: -1.9250
  Mean: -4.2953
  Std:  0.7454
  Diversity: 1.2923
