Scenario: sparse_heroics
Population Size: 500
Generations: 5000
Converged At: 10

Best Individual:
  Fitness: -1.9750
  Generation: 11
  Genome: [0.7779198433065305, 0.3545643691871011, 0.45178478956222534, 0.2832490925414811, 0.3799654547221476, 0.5526759713492335, 0.044411769063492104, 0.37414062821523886, 0.12313477623868256, 0.15724517405033112]

Final Population Stats:
  Best: -1.9750
  Mean: -4.1850
  Std:  0.7759
  Diversity: 1.1306
