Scenario: early_containment
Population Size: 500
Generations: 5000
Converged At: 5

Best Individual:
  Fitness: -2.5000
  Generation: 6
  Genome: [0.664240300655365, 0.571273684501648, 0.8918969631195068, 0.01336335763335228, 0.6496222615242004, 0.034051764756441116, 0.0, 0.1974245011806488, 0.38725620426439045, 0.3037753417574716]

Final Population Stats:
  Best: -2.5000
  Mean: -4.2966
  Std:  0.7654
  Diversity: 1.2034
