Scenario: hard
Population Size: 500
Generations: 5000
Converged At: 4

Best Individual:
  Fitness: -2.3250
  Generation: 5
  Genome: [0.7092446918588258, 0.9461470020735084, 0.7820802927017212, 0.1311975121498108, 0.6477698383797043, 0.3838341534137726, 0.07218921929597855, 0.14051127433776855, 0.18480020181833245, 0.5700976252555847]

Final Population Stats:
  Best: -2.3250
  Mean: -4.4037
  Std:  0.7544
  Diversity: 1.2418
