Scenario: mixed_motivation
Population Size: 500
Generations: 5000
Converged At: 4

Best Individual:
  Fitness: -2.1750
  Generation: 5
  Genome: [0.2236003875732422, 0.19776958227157593, 0.06413559437422894, 0.7247753739356995, 0.9394664764404297, 0.29837772250175476, 0.04670974612236023, 0.24957678624380386, 0.9731964468955994, 0.5520759224891663]

Final Population Stats:
  Best: -2.1750
  Mean: -4.2906
  Std:  0.8162
  Diversity: 1.2343
