Scenario: trivial_cooperation
Population Size: 500
Generations: 5000
Converged At: 7

Best Individual:
  Fitness: -2.3000
  Generation: 8
  Genome: [0.9807308912277222, 0.8422175598942859, 0.7484599947601899, 0.9157823324203491, 0.8150627774352579, 0.45292032414010697, 0.24722835421562195, 0.18768250942230225, 0.32348096944505383, 0.5860823068876162]

Final Population Stats:
  Best: -2.3000
  Mean: -4.2393
  Std:  0.7740
  Diversity: 1.1871
